1
10
100
1000
10000
100004455
100008101
100008840
100008875
100009243
100009447
100009600
100033679
100033834
100034410
100034700
100035352
100036852
100037317
100038246
100043254
100048912
100049698
100049703
100060077
100071524
1001
100101923
100102
100124700
100125595
100126299
100126316
100126317
100126331
100126334
100126343
100126610
100127346
100128922
100128977
100128998
100129193
100129583
10013
100131187
100134229
10014
100145903
100146648
10015
100150203
100150924
100151828
100153319
100155281
100157120
100170220
100174951
10018
100187716
100187907
100188812
100188832
10019
100192219
10020
100270717
100287932
100294604
100294715
1003
100302178
100302214
100302246
100302255
100302512
100313770
100313973
100313987
100314000
100314001
100314014
100314015
100314023
100314029
100314030
100314038
100314041
100314042
100314053
100314078
100314085
100314106
100314108
100314155
100314163
100314181
100314193
100314194
100314215
100314231
100314241
100314242
100314243
100314263
100314267
100314290
100314775
100314861
100314994
100315203
100315219
100316736
100329702
100332784
100333160
100340891
100342232
100350666
100355675
100357007
100358536
100359228
100359403
100360071
100360880
100379198
10038
100381207
100384946
100385343
10039
100390359
100392052
100392187
100393454
100395031
100395109
100395600
100399586
100401133
100401482
100405008
100405209
100407017
100407754
100407856
100408045
100409737
100410172
100412305
100412740
100412936
100413469
100413758
100414785
100422861
100422901
100422934
100423026
100424921
10043
100462981
10049
100499513
100500908
100503872
100503895
100504267
100504663
100506084
100506492
100506658
100506742
100507206
100507458
100508689
100515613
100515679
100520183
100526621
10053
100540660
100540840
100548936
10058
10059
10060
100616101
100616119
100616231
100616234
100616258
100616315
100616346
100616408
100616444
100616459
10062
100628609
10063
100642175;81848;79441
100653366
100686975
100718930
100736562
10075
10076
100760716
100761615
100767663
100768531
100770673
100774767
100774873
100847030
100847046
100861548
100862683
100862689
100874532
100884132
100885779
100885851
1009
100912292
10097
10097;10096
100999107
10105
101055066
101055342
101055843
101060399
10107
101090720
101096672
101096985
101097720
101118468
101123053
101155028
101159103
101161712
101170614
1012
10120
10128
1013
10131
10133
10135
10137
10141
10146
101490
10150
10155
10156
10159
10163
1017
10171
10174
10178
101823380
101835435
10184
101864836
101865104
101867026
10188
1019
101926704
101928165
10193
10194
10199
102
1020
10200
10206
10207
10209
1021
10211
102114823
102115124
102119369
102119567
102125675
102126955
102127908
102129233
102133150
102133349
102134074
102134143
102135906
102142756
102146741
102148488
10215
10228
10228415
10229
10241
10242
10243
102465453
102465671
102465831
102465872
102466251
102466747
10252
102552664
102554336
1026
102641229
1027
102724197
10273
10274
102775567
1028
10280
102800310
102800311
102857
1029
10293
10294
10295
10297
10298
1030
10301
10312
10312;28873
10313
103158318
103172
103199
103226526
103231841
103231842
103246711
10327
1033
10330
10336
10342
10344
10345
10347
10352
103573
10360
103611090
103630322
10365
10367
103691034
103694380
10371
10371;10512
103724
103752588
10376
10379
103791155
1038
10381
10382
10392
10395
103963
103967
10397
10399
1040
10400
104015
104069
104069;20618
104079
104086
1041
10411
10413
10418
104237
104277
10434
104354
104355151
10437
104408
104418
10446
10449
1045
10452
10455
10456
10457
10459
10461
10462
10463
10469
104794365
104795670
1048
10481
10482
10486
10487
10490
104915055
10497
10498
1050
105066389
105073814
105074647
1051
10512
10519
1052
10522
105243590
105245705
10525
105259599
10528
10529
10531
10533
105369238
105369243
10540
10544
10549
10550
1056
10560
105675
1057
10574
10575
10577
10585
10587
10590
10592
10598
10599
1060
106007493
10603
10607
10611
10612
10617
10618
10625
10626
10628
106298
10630
10631
10636
10640
10641
10644
10645
106478911
106480993
10652
10654
10655
10658
10663
10664
10665
10670
10673
106759
1068
10687
10699
106995557
107045
1071
10714
10715
10715;3902
1072
10724
107260
1073
10736
107383286
10743
10749
1075
107539
10755
10763
10763;7054
107689;18630
10769
10769;1263
10776
107789800
107831
107977049
107987471
107987479
1080
10800
10803
108068;108069;14800;53623
108068;24415;108069;24416
108069
108071
108073
108079
108099
108124
10815
10818
108348108
108348113
108351137
1084
10842
10846
10858
10859
10869
10871
108716720
10884
108868751
10890
10890;339122;201475;11021;11021;339122;339122;8934;4218
10890;339122;5861;19324;11021;11021;339122;339122;4218
10890;8934
10890;8934;4218
10891
10892
10899
109
10900
109006
10908
10910
10912
10914
10919
10922
109232
10927
10934
10935
10938
10939
10942
10951
10959
10961
109615
109618
10963
109648
109667;14788
109676
109689
109689;216869
10971
10972
109731
109741
109782
10979
10981
10981;116442
109820
109857
10989
109900
109905
109912
110157
11021
11021;11021
1103
110340
11035
110355
110391
1104
11047
110525
110532
110616
110628
110648
11075
11076
110784
11079
110834
110876
110893
11096
11097
111
111058
1111
11113
11122
11124
11128
11129
1113
111334
111343
111364
1114
11140
11152
11153
1116
111654
11167
11169
11171
1118
11180
11181
11188
11196
11201
1121
11211
11226
1123
112400
112476
11248
11250
11251
11255
11261
11273
112744
112755
1128
11280
112802
11284
11287
112935892
112939
1130
11303
11307
1131
11315
11315;10049
11315;351
11331
11334
11337
11339
11343
11344
11345
113451
11350
1136
1137
1138
113893
113894
1139
113936
113948
113976
113992
114087
114088
114090
114099
1141
114108
114112
114114
114131
114132
114134
11419
1142
11421
114229
11423
114243
114244
11428
1143
11438
11440
11441
11444
114483
114501
114504
114548
114549
114553
114558
114559
114571
11459
11461
114629
1147
1147;9641;29110
114737
11474
114769
114770
114771
114774
114781
114815
114851
114856
114858
11487
11516
11517
1152
115209
11522
11522;26876
11529
1153
115350
11538
11539
1154
11540
11542
115426
11545
11548
11551
11554
11555
1158
115811
1159
115908
11596
116
11605
11606
11607
116085
11609
1161
11610
116150
11622
11628
11629
116442
116442;67790
116442;8934
116443
116448
11647
116470
116484
116498
11651
116510
116511
116512
116519
116534
116554
116554;50658
116562
116562;24498;64546
116565
11657
116590
116592
116598
116630
116636
116638
116638;84487
116638;84487;266767
116640
116660
11668
11668;11669
116685
116686
116689
11669
11669;11668
11670
116728
11674
116743
11676
11677
11682
116833
11687
116870
11689
11691
116983
11699
117
117030
117052
117059
117064
117087
117103
117177
117189
117254
117260
117261
117268
117268;362245
11727
11727;11731;11730;219033;503844;630952
117270
117273
117279
117287
1174
11747
117514
117515
117519
11752
117536
117559
117560
11758
117584
11770
1178
11783
117854
11789
11793
11798
11799
11803
11806
11816
11819
11820
11826;11829;11833
11829
11833
118427
11846
11847
118471
11848
118611
11865
11881
11891
119
11909
1191
11910
11911
1192
11920
11922
11924
11928
119391
11941
119467
1195
11973
11973;21926
119764
119765
11984
11987
12
1200
12005
12006
12007
1201
12013
12018
120227
12028
12034
12038
12043
12043;12048
12048
12064
120892
12091
12097
121021
1212
12122
12125
121275
121278
1213
12140
12143
12160;12162
12162
12168
12168;12162
12176
12177
12189
12257
12259
12265
12266
12267
12273
122786
12287
12288
12289
12290
12291
123
1230
12305
12307
12308
12309
12310
12313
12314
12317
12319
1232
12323
12325
12326
123263
1233
12333
12333;12334
1234
12346
12349
12350
12355
12359
1236
123606
12362
12364
12364;12367
12366
12367
12367;12368;12371
12367;12369
12367;12370;12371
12367;12371
12369
12370
12370;12371
12371
12371;12369;12367
123745
12380
12387
12389
12393
12394
124
12411
12421
124220
12424
124274
1244
12443
124535
12457
124583
124590
12465
12477
12479
12492
125
12501
12503
12504
12534
12540
125476
12558
12562
12566
12566;12568
12568
12569
12575
12576
12578
12582
12585
12587
126
126014
12606
126070
12609
12613
126206
126282
1263
12632
126433
12647
12649
12653
126669
1267
12675
1268
1269
127
1270
12700
12703
127062
1271
1272
1272;6900
12737
127428
12747
12752
12753
12757
12759
127617
12767
12772
12774
1278
12780
12796
12798012
12798029
12798402
12798410
12798434
12798490
12798581
128
12801
12801;12802
12802
12803
1281
12812
1282
1283
128360
1284
12846
128553
12857
12859
12870
1288
128866
12889
12889;12890
1289
12894
1290
12912
12913
12914
1293
12933
12934
12944
129446
1295
12955
12965
129685
12972
12974
12977
12978
12981
12985
130
130013
13002
13004
13010
1302
13030
13033
13035
13039
13043
13051
13058
13075
13077
13079
1308
13081
13088
130916
131
13106
13112
13115
13116
13117
1312
13120
13121
13130
13132
13143
131450
131474
13162
13163
13166
13167
1317
13172
13175
13176
13193
13194
13195
13197
13198
132
132112
1326
132625
1327
132789
1329
133
133418
13346
133522
1337
13370
13370;13489
13380
13385
13390
13390002
13392
13395
134
13429
13429;13430;103967
13433
13435
13436
13482
134864
13488
13488;13492
13489
13489;13490
1349
13490
13491
13492
135
135;387733
1351
13510
135138
13548
13555
1356
135644
1357
1358
136
13607
13609
13614
13628
13629
1363
13631
1364
13640
13642
13645
13649
13653
13654
13655
13666
13685
13712
13733
1374
1376
1378
137868
137872
13797
137970
13798
13798;13799
13799
138046
13806
13807
13813
13819
1382
13835
13844
13846
1385
13850
13856
1386
138639
13865
13869
1387
13870
13876916
1390
13906541
13914015
1392
13923837
139341
1394
1395
1398
13982
14000
14004
1401
14013
1404
140448
140491
140492
140494
140500
140501
140540
140544
14056
14061
14062
140621
140657
140670
140679
140694
1407
140723
14073
140738
140741
14077
1408
140803
140809
14081
14083
14084
140885
140901
140908
140919
140923
140933
140941
140942
1410
14103
14105
14107
14127
14130
14131
1414
14149
1415
14161
14164
14165
14173
14176
14176;60662
14179
14182
14182;14183;14184;14186
14183
14184
142
1421
14211
14225
14228
14229
1423;921
14238
14260
14261
14265
14268
14281
14282
14283
14284
1429
14297
14299
143
1431
14312
14314
14319
1432
14325
143384
14345
1435
143501
1436
14360
143686
1437
1437;3567
1439
1440
14405
14406
14417
14419
14420
14421
14421;192986
1443
14432
14433
144402
144501
14455
14456
1446
14461
14462
14466
14473
14526
145270
14528
1453
14563
1457
14573
14580
14585
1459
146
1460
146057
14607
14609
14611
14613
14618
14619
146227
14629
14630
14632
1464
14651
14652
14654
14661
14664
146713
14672
14677
14679
14680
147
147007
147015
1471
147179
147183
14733
14735
14739
14751
1476
14763
147719
14773
14775
14782
14784
14788
14799
14799;14800
148
14800
14800;53623
14802
148022
14805
14806
14807
14809
14810
14811
14812
14813
14814
14815
14816
14816;108071;14799;14805
1482
1482;4824
14823
14824
148252
14827
14828
14860
14862
148713
148811
148979
1490
1491
14910
149233
1493
14936
14939
14961
14972
1499
150
1506
150726
1508
1509
1510
151011
15108
1511
15111
15117
151188
151194
15121
15127
1513
15139
1514
151516
15165
15166
15170
15171
15182
15185
15186
15194
152
1520
15200
15207
15208
15211
15216
1523
1524
152404
1525
15251
152559
15270
15275
15277
1528
15289
152926
153
153328
1534
15357
153572
1536
15364
15368
15369
1537
15370
15375
15375;15376
15376
15396
15397
154
1540
1543
1543;10105
1543;1544
1544
15444
1545
154516
15452
15461
15463
15466
154664
15469
1548
15481
15488
154968
15499
15505
155061
15507
1551
15510
15511
15512
15525
15526
15528
155423
1555
15550
15551
15558
15559
15560
15561
15567
1557
15570
1558
1559
156
156;157
156117
1564
156435
1565
1565;1571
157
157074
1571
1573
1576
1576;1577
1577
1580
158038
158506
1586
1588
158833
15894
15898
1591
15925
1593
15930
159371
1594
15945
15957
15959
15975
15977
15978
15979
1600
16000
16002
16004
16016
16017
1603
160335
1606
1607
160851
1609
1611
161145
1612
1613
161357
1615
16153
16159
1616
16160
16163
16163;16189
16164
16171
16173
161742
16175
16176
16176;16193
16178
16181
16183
16187
161882
16189
16189;16163
16193
16195
1621
162540
1628
163
1630
1632
16331
1634
1636
16362
16363
16365
1639
16399
16404
16408
16409
1641
16414
164153
16427
16432
16438
1644
16440
16449
16452
1646
164656
1647
16473
16476
16477
16478
1649
1650
16500
16502
16508
16514
16522
16523
16531
16534
16559
16560;214084
16561
165721
16579
16590
16591
165918
16600
166379
16649
16653
1666
16663
16668
16691
16728
1673
1674
167410
1675
16765
16768
16776
16783
16784
16785
16801
16819
16828
16832
16840
168400
16842
16846
16852
16854
168544
16870
16878
16880
16885
1690
169026
16906
16913
16917
16948
16952
16973
16976
169792
16985
16995
169981
17
17002
17005
17047053
170484
170496
170509
170534
170538
170571
170587
170589
170589;28870
170589;435
170589;597
170704
170719
170731
170743
170743;170744
170744
170770
170840
170851;58960
170917
170945
170960
171045
17105
171056
171071
171101
171104
171105
171114
171116
17112
171177
17118
171221
17126;17127
17127
171283
171293
171389
1714
171409
171425
171469
171522
171528
171608
17161
17161;109731
17164
17168
1717
17172
171735
1719
17196
17199
172017
17202
172280
17229
17236
17242
17246
17248
17250
17250;12780;239273;27416
172518
17260
17261
172632
172647
17274
17274;235442
172757
1728
172839
17289
172981
172995
173
17300
17304
173058
173065
173072
17311
17319
173325
173411
173416
17344
17345
1735
17355
1737
1738
17381
17387
1739
17390
173918
17392
17394
17395
173990
174
1740
174050
174141
1742
174203
174274
174289
1743
174308
174312
17433
17441
174436
174438
174476
17449
17451
1746
17463
17470
174752
174762
174834
175
175085
175086
17523
175230
17524
175240
175316
17533
175410
175541
175545
1756
175643
175674
175729
175807
175836
175857
175871
1759
1760
176027
1761
176101
176195
176281
176304
176460
176465
176718
176816
17686
176868
1769
17698
177
17700
17701
17703
17705
17708
17708;17709
17709
177157
17716
17722
1773
177336
177343
177345
1774
177455
177460
177466
17748
17748;17750
17750
17751
17754
17754;17755
17756
17758
17760
17762
17766
17769
1778
177822
177886
177924
1780
178005
1781
178272
178293
17837
178411
178547
178561
178587
1786
178659
17873
17874
1788
17888
1789
1791
179100
179286
17933
17937
1795
17957
1796
179605
17965
17966
17967
17969
17970
17975
17984
17992
179922
17993
179943
17995
17999
18
18008
18012
18016
180162
18021
18022
18024
18024;15368
18024;18022
180289
1803
180311
18033
18035
180374
18039
1804
18040
180441
18049
180526
18053
1806
1807
180783
1808
180800
1809
180939
180939;191766
180942
181004
181018
18104
18109
1811
181163
1812
1812;1813
1812;1813;1814
1812;1815
1812;1816
18121
18125
18126
18127
18129
1813
1813;1814
1813;1815
1813;28503
181348
1814
1814;1815
18142
181423
18148
1815
18155
1816
18167
18171
18173
18174
181748
18181
18186
18188
18195
182
18205
18208
18211
18212
18213
1822
18226
18227
1824
1824;1825
1825
18260
1828
1829
1829;1830
18293
18294
183
1830
183625
18378
18386
1839
1839;7039
18390
18391
184091
18412
18414
18416
18424
18429
1843
18430
18432
18436
18438
18439
1845
18453
184556
18457
18477
18478
18479
1848
185
185;186;4287
1850
18508
18534
18538
18546
18548
1855
1855;1856;1857
18550
18587
1859
18590
18597
186
18609
1861
18610
18611
18619
1862
18627
18636
18655
1866
18669
18671
18673
1869
187
18706
18708
18710
18718
18733
18738
1874
18741
18742
187427
18746
18747
18750
18752
18753
18760
18762
18777
18778
18783
18806
18817
18823
1889
189
1892
18935
189370
18951
18952
1896
18975
18976
18979
18979;269823
18979;330260;269823
18983507
189866
18991
18992
18998
18999
19
190
1901
1901;9294;1903;8698;53637
19013
19013;19015
19015
19015;19013
19016
19017
19049
19052
19053
1906
1906;1907;1908
19063
19064
19065
19072
19087
19090
19099
1910
19110
19122
19126
19127
19131
19132
19134
19141
19144
1915
19153
19156
19164
19166
1917
19173
191743
19175
191766
19177
19179
19205
19211
192111
192142
19215
192156
19217
192181
19222
192235
19224
192245
19225
19226
192268
192277
192281
19230
192302
192349
19242
19255
19261
19262
19264
192647
192669
192683
19288
19293
192986
193034
19309
19324
19325
19325;19328;19328;77407;77407;19339;69834;226422;17274;235442
19328
19328;19328
19339
1934
19349
19353
1936
19373
19374
193740
1938
19384
19386
19401
19417
19419
1945
1946
1948
1950
195046
1954
1956
1956;2064
1958
1959
196
1960
196383
19645
196475
19649
1965
19696
19697
19698
19699
19703
19711
19712
19713
197131
19720
197259
19736
19739
19766
1977
1978
1979
1981
1981;6622;5071;5072;7345;65018;11315;120892
19876
19876;268902
19876;395291;268902;19649
19877
19878
19883
19885
19893533
19893535
199
1993
1994
1996
1999
2
20
2000
200008
20014
2002
2004
200424
2006
200844
200959
2010
2011
201163
201176
20128
201475
20168
2017
201780
2018
2019
20193
20194
202
2020
20203
20204
2021
2022
20229
202299
2023
20230
20238
20239
20249
20255
20257
2026
2026;7054
20271
20273
2028
20292
20296
2030
20302
20304
203068
20309
20310
20312
20315
20317
203228
203245
2033
20338
2034
20346
20361
20363
20364
20371
20379
2038
20393
20394
20404
2041
20423
2043
20449
20454
2047
20473
2048
20491
20508
20510
20511
20512
20513
20519
2052
20523
20525
20527
20529
2053
20537
20538
20539
2054
2055
2056
20562
20562;20563
20562;20563;20564
20563
20564
2057
2058
20589
20595
20597
2060
20604
20612
20614
20617
20617;104069;20618
20618
20620
20622
206338
2064
2065
20655
20656
20657
2066
20661
20664
20665
2067
20674
20682
20687
2069
20698
207
207;208
207;208;10000
20713
20716
20742
20747
20750
20751
207565
207728
20779
2078
20787
20788
20807
2081
208188
208198
20846
20846;20848
20848
20849
20852
208643
20866
20867
20869
20905
20909
20910
20927
20927;20928
20928
209512
20964
20977
20979
20980
20983
2099
21
2100
2101
2103
210582
210789
2112
2113
211323
2117
212
2120
2121
2122
212712
213
2130
213053
21333
21336
21366
213742
21375
21385
214
21402
214084
214133
214230
21425
21452
2146
2147
21473
2149
214951
214952
2150
2152
2153
21577
215854
2159
215999
216
216001
216227
216233
216343
216363
21648
21652
2166
21667
2167
21672
21673
216799
216850
216869
2169
217
2170
217031
217166
217212
2173
217480
2175
21752
2176
217695
2177
2178
21780
2180
21802
21803
21808
21812
21813
21817
21823
21832
21838
21841
21843
21849
2185
21857
2187
21872
21881
218865
21898
21909
21912
21922
21926
219285
21937
21938
2194
219402
21944
21947
2195
219699
2197
21990
219931
219938
22
220064
2202
22027
22030
22034
22041
22042
22044
22059
22060
22063
22068
2207
2208
22084
22088
2209
22095
220963
220972
221037
221079
22117
2213
22139
2214
221421
22144
22146
2215
22152
22153
22166
22174
22177
2218
221833
221937
22195
22196
22215
22218
22223
22227
22228
22228;74011
22234
22240
22241
22253
22259
22260
22262
222658
22273
22295
2230
22318
2232
22320
22329
22330
22333
22333;22335
22334
22335
22337
22339
22348
2235
22353
22354
22355
2237
22370
223701
223827
223864
22406
22408
22408;22416;22418
22408;22418
224129
22413
22416
22418
2243
22431
22433
22436
2244
2246
2247
2248
2248;2253;2254;2255;2259;26281;8074
225
2250
2253
225326
2254
225471
2255
225642
225724
2259
225998
226
2260
22608
226115
22627
22629
22630
22631
22632
226422
22644
226518
2266
226641
226778
226781
226896
22695
22697
2272
227326
227526
2277
227743
2278
22784
22796
2280
22800
228026
22807
22809
22815
22818
2282
228361
22848
2285
22854
22859
228607
22861
22863
22876
228769
228775
2288
22880
22882
22883
2289
2290
22900
22901
22906
22915
22921
22926
22929
229317
22933
22941
22943
22944
229521
22954
2296
229603
22978
22987
22987;9900
22994
22997
22999
230
230073
230101
23013
23017
23025
23032
23038
23046
23047
23049
2305
23057
23063
23064
23070
230737
23074
23077
230777
230796
2308
2308;56458
230857
2309
230908
23092
23095
231
23111
23113
23114
23120
231290
23143
23157
2316
23162
23163
23166
23168
2317
23176
2318
23186
231872
23192
23194
23205
23208
23209
2321
2321;3791
23218
2322
2323
23230
23232
23237
23239
23250
23255
2326
23263
232685
23269
232827
23291
23294
23295
23304
233080
233090
2331
23317
2332
23325
23327
233328
233335
23335
23336
233405
23345
2335
23352
23358
23373
233744
233752
23385
233871
233908
23394
23395
23400
23405
23409;23408;51548;51547
23410
23411
23411;22933
23411;22933;23410
23411;22933;23410;23409;23408;51548;51547
23411;22933;51548
23411;23410;23408
23411;51548
23413
23414
234155
23426
23430
23432
23435
23439
23446
23457
2346
23461
23462
23467
23468
234724
234734
2348
23498
23499
23503
23516
23524
2353
23532
2354
235402
23545
2355
23551
235574
235661
2358
23582
23583
23584
23590
23591
23603
23604
23607
23609
23621
236266
23627
23636
23636;11315
23641
23642
23654
23657
23682
237038
23706
23706;100874532;6575
23710
23731
23764
23765
23770
23786
237868
23788
23796
23797
238
238055
23807
23821
23885
23886
239
239273
239405
23945
2395
23957
23959
239739
23980
23984
23988
23991
24
240
240058
2405
24088
24088;21898
241
24104671
241113
24127
24142
24145
24146083
24148
24165
24166
24172
24172;24172;11529;26876;29646;11529
24176
24179
24180
24185
24186
24188
24192
24208
242202
24223
24224
24225
24230
24231
24232
242384
24241
24242
242425
24248
24250
24252
24253
24257
24261
242667
24267
24268
242681
242687
242773
242939
24296;24297
242960
24300
24303
24310
24311
24314
24316
24318
24329
24330
24333
24334
24335
24338
243423
24346
24356
24368
24370
24377
24379
24380
24383
24387
24392
24399
24404
244058
24408
24408;24410
24409
24410
24411
24412
24413
24414
24414;24418
24415;24416
24417
24418
244209
24422
24443
24446
24448
24451
244667
24468
24471
24472
24473
24476
24482
24493
24494
24498
24498;24835
24505;24506
24508;292060
24508;293624;292060
24516
24518
24525
24533
24534
24536
24547
24553
24560
24565
24567
24572
24577
24582
24586
245860
24596
24598
24599
246
24600
24604
246074
24612
246213
246258
246273
246294
2463
246317
246329
24644
24646
24653
24654
24664
24667
24668
246696
246744
246778
246779
246787
24680
24681
24683
24686
24697
24699
24703
24708
24715
24716
2475
24765
2477
24770
24772
24782
24786
24787
24797
248
24803
24804
24806
24807
24808
2481
24811
24812
24813
24825
24827
24829
24832
24835
24842
24848
24854
24860
24861;396527;396551;574523;117054;54410
24862
24874
24887
24888
24890
24894
24898
24906
24914
24923
24924
24925
24929
24930
24932
24944
24949
2495
24952
24952;25040
24954
24957
24967
24968
2497
25
250
25012
25021
25040
25044
25050
25051
25053
25054
25055
25058
25059
25075
25085
25086
25097
25099
25105
25109
2512
25123
25124
25124;25125
25125
25135
25136
25149
25150
25152
25153
25163
25166
25166;25402
25166;64314;58918
25176
25187
25193
25195
2520
25203
25206
252081
2521
2522
25221
2523
2524
25242
25246
25247
252473
25248
25251
25252
25253
25255
25269
25272
25274
25283
252835
252835;252834
252842
252853
252884
25290
25291
25293
252969
25298
252995
253
25302
25303
25307
2531
25313
25319
25325
253260
25327;117101
25328
25330
2534
25353
253558
25365
25368
25369
25369;29290
25372
253738
25375
253782
2538
25385
25387
2539
253943
25400
25402
25402;58918
25402;64026
25402;64044;58918
25404
25415
25416
25419
25420
254251
254295
25439
254428
25445
25446
25453
25453;25454
25454
25459
25464
2547
25470
25472
25479
2548
25489
25491
25493
25495
25496
2550
25506
25508
25509
255101
25516
25518
255239
25525
25527
25531
25537
25539
25542
25549
25550
25553
25559
25560
25567
25569
255738
25582
25589
25591
25595
25608
25610
25613
25617
25618
2562
25622
25628
256281
25636
25639
25641
25642;266682
25645
256472
256536
25661
25663
25664
25667
25667;315824;252835;252834
25673
25675
25676
25690
256933
25697
25699
25704
25707
2571
25712
25715
25716
25717
25718
257194
2572
257202
25721
25723
25728
25730
25736
25737
25738
25742
25743
25747
25750
257629
257632
25792
25793
2580
25802
25802;1646
25802;1734;8644
25802;28503;1735;397
25802;28503;50652
25802;50652
25802;51366
2581
25814
25816
25820
25823
25824
25825
25828
25828;56551
2583
25830
25836
25861
2587
25873
2588
25886
259
25913
259230
259232
259246
259266
25928
259294
259296
25930
259307
25937
25953
2596
2597
25976
25978
25981
259839
25984
25987
25989
25996
26
26003
260075
26011
26017
26020
260237
260237;260238
260238
260327
26037
26040
260423
260431
26047
26052
26058
26100
26103
26118
26128
26168
261726
261727
26195
26195;26198
26198
262
2621
26227
2623
2623;2624
26232
26234
2624
2625
26263
26268
26270
26275
26276
26278
26281
26281;66017
2629
26291
26291;56636
2630
2631
2634
26353
26357
26362
2637
2638
26385
26394
26395
26395;26396
26398
26400
26403
26408
26409
2641
26413
26413;26417
26414
26415;26413;26417
26416
26417
26417;26413
26419
26419;26420
2642
26420
26420;26414
2643
26434
2644
26440
2645
2646
26468
26479
26503
26508
26570
26580
2662
26648
266606
266682
266684
266705
266738
266743
266767
266777
2668
266952
267
2670
2673
2674
2674;5979
26747
2675
2676
26762
2678
268
2681
26820
2683
268373
26871;55599
26876
2688
268859
268902
268934
268973
2690
2691
26918
26926
2693
26931
2695
269523
2696
269642
26965
2697
26980
269881
26994
269951
27
270058
2702
27029
2703
27032
27035
27035;1536
27040
2705
27050
2706
27072
27074
27087
27091
2710
27101
27113
27122
271457
27147
27153
27161
2717
27185
2719
2720
27204
27204;20964;20965
27235
27239
27241
27279
2729
273
2730
27303
27306
27324
27327
27333
27338
27342
27343
27344
27347
2735
2739
274
2740
2741
27429
27433
2744
2745
2746
2747
2752
2760
27643
276720
2768677
2768852
2770
2774
2775
2776
2778
2794
2796
2798
28
28006
2801
2802
280287
2805
2806
280653
280722
280829
280838
280844
2810
2811
281239
281254
2813
281429
281432
28185
2821
2822
282208
2823
28232
28234
2824
28240
28250
282673
2827
282808
282817
282857
28299
282991
283
2830
283120
283131
2833
2835
283514
2837
283871
283902
284;285;51378;27329
2840
284058
2841
284119
284252
284390
284486
284521
2846
284654;340419;84870;343637
284835
28488
285
28503
28503;50652
28514
28514;10683;54567
285154
2852
285231
2859
286
2861
286205
286451
2869
2869;2870
286936
28695
286963
287
2870
287115
287155
287168
287287
287362
287422
287435
2875
287526
28755
2876
287606
287610
2877
287730
287772
2878
287847
287876
2879
28804
28814
28817
2882
288475
288584
288663
28869
28870
28873
28873;10312
28873;23621
28874
28874;10312
288753
288779
2888
28881
28882
28882;28503
28882;28881
28883
28883;5355;28885
28884
28885
28887
28888
28888;597;170589;10312
288923
28898
28898;28884
2890
2890;2891;2892;2893
289014
28906;170589;10312;5355;28884;28873
28907
28907;2925
2891
2891;2892
28911
28912
28915
289185
2892
289201
28921
28922
28923
28924
2893
28934
28935
289596
2896
289668
2897
289754
28976
2898
28983
289881
28996
290
2900
290029
2902
2903
2903;2904
29031019
2904
290467
290549
290567
29058
2906
2908
29091
290963
29098
291
29102
29106
29108
2911
29110
29113
29116
291171
29119
291202
29126
29131
29134
291352
2914
291437
29148
2915
29151
29153
291609
291671
29177
29179
291796
29180
29190
291905
29191
29192
29197
29199
292;78996
2920
29200
292041
29219
29219;113893;64347
2922
29221
2923
29237
29238
29240
29244
29251
29253
29253;25750
29260
292756
292804
292887
29290
29295;24300
292994
293
29301
29302
29304
2931
2931;2932
2932
2932;2931
29328
2933
29332
29336
29339
2934
29340
29347
29349
2936
293615
293624
29364
293653
29366
29369
2937
29381
29386
293897
29392
293992
294051
2941
29410
29411
29422
29423
29424
29425
294258
294269
29427
294270
29431
294329
2944
2944;2952
2944;9446;119391;2950
29448
294515
29455
294560
29458
2946
29461
29467
29468
2947
29471
29473
29477
29478
29480
29481
29482
29483
29484
29484;140473
2949
29495
29499
2950
29504
2952
29525;114561
29526
29526;288025
29527
29530
29539
2954
29543
29545
295475
29559
29560
29565
29583
29595
2960
29605
29609
29613
296199
296234
29627
29627;29628
29628
29629
296302
29641
29646
29657
2966
2967
296851
2969
29691
29693
2971
29712
29715
29716
29739
29748
297508
29761
29781
297893
29811
298111
2982
2984
298575
298576
29863
29864
298648
298693
298947
29904
29911
299201
299331
29943
29945
2995
2995;143662
29952
29956;91012
2996
299602
299626
299638
29969
299691
2997
299757
299766
29979
2998
29988
29988;6514
2999
29991
30009
3001;3002;3003
300160
3002
3003
3004
300438
3005
3006
30061
30068
300691
3007;3008
300724
3008
3009
3009;2260
300965
301
301010
301034
301289
301300
3014
301442
301458
301515
301595
30164
302
30214
30221
302668
30269
3028
303181
303211
3033
3034
303413
3035
303518
3036
3037
303745
30384
3039
3040
304024
304103
3043
304342
3045
3047
3048
304962
304979
305
305177
30518
3052
30553
305623
305843;497229
305858
3059
3060
30637
3064
306417
30646
3065
3065;3066
306547
306586
3066
30664
3067
306840
30697
3070
3073
307309
30732
3075
3077
307821
308
3081
30816
30818
3082
30835
30837
3084
308405
30846
30850
308668
3087
30878
30878;23796
308800
308875
309
3091
309122
309135
309156
309165
309168
3092
3093
30931
309361
3094
309465
30956
30960
309626
30968
30975
309757
3098
3099
31
31000
31002
310218
310392
3105
310553
310553;29260
3106
3107
310738
31107
3111
31118
311406
31143
31144
3115
31151
311676
3117
311786
3118
311844
3119
3119;3117
312195
312195;83619
3122
3123
31234
312444
312647
312656
312682
3127
312701
3131
313375
31362
314
31406
314075
314322
314416
31443
3146
314623
3148
314856
31519
31521
315219
31524
315346
3156
315711
31581
315824
315824;85272
315989
316010
316033
31607
3161
3162
3162;3163
316214
316216
3163
3164
31666
3169
317
3170
3172
317256
317268
317322
317382
317385
317414
317468
3176
31760
317628
317673
3177
3178
318246
3183
3183;717
31842
3190
31902
319101
319197
319239
319468
319504
3196
319742
319757
319801
319955
32001
320129
320295
320429
32078
3208
32083
3209
3213
32159
3220
3224;735
322425
32256
3229
32314
3239
324
3240
324254
32437
324481
32461
3248
325
3251
325119
325288
32595
32617
326397
3265
3266
3267
3269
326929
32703
327133
3274
32771
327959
32796
328
32821
3283
328699
32871
329
329260
32938
329502
3297
32999
330
3300
33005
33007
3301
330166
33025
330260
3303
3303;3306
3304
3305
3306
3308
3308;3312
3309
331
3312
3313
3315
3316
332
3320
33203
33248
3326
3329
333
3336
3337
3339
333929
33397
333974
33418
33427
3343
33432
33445
334582
33461
3346177
3346192
33473
335
3350
3351
3354888
3355109
3355164
3356
3356;3358
33569
3357
33571
3358
3359
336
3360
3362
337
3371
3375
33764
33788
33789
338
3383
338324
338382
338399
338412
338442
338443
338445
338474
338751
338773
33906
339122
33935
339398
3398
340061
34007
340204
340419
341152
341208
3416
3417
34179
3422
3423
3425
342574
3426
34263
3428
34281
342898
3430
343170
343641
3438
344
3440
34420
34423
344892
344905
345
34500
34519
345275
3454
3455
3456
345643
345757
3458
3458;7124
3459
3460
346288
347
34708
347240
347689
347745
34780
3479
347902
348
3480
3481
3482
3484
3484;3485;3486
3485
3485;3486;3487
3486
3486;3485;3487
348751
34878
348801
3490
3497
34996
350
3502
351
351;4137
35151
3516
3519
35190
35216
35246
352928
352937
353116
353116;196383
353128
353155
353211
353250
354
354;5653;5653
3543
355
3552
3553
3553;3569
3554
35559
3557
3558
3559
356
3560
35609
3565
3565180
3566
3567
35671
3568
3569
3569;7124
3570
3572
3574
3575
3576
35761
3578
358
3581
3586
3587
3588
35886
35940
3596
3597
35977
3598
35997
3600
36001
360149
3603
3604
36040
360481
3605
3605;3569
36057
3606
36060
360616
360827
360904
360975
361
36127
361276
361466
361532
361585
361618
361668
361680
361709
361802
3620
362036
362119
362164
362182
362245
362293
3624
36251
36264
362645
362650
362686
3627
36277
36281
362861
362862
3630
3630;3375
3632
363287
363672
36382
363875
363985
3641
364152
364183
3642
3643
3645
364594
3646
365057
3654
36543
36544
3655
365541
365601
36578
3658
36583
36585
3659
3660
3661
366115
366274
3663
3667
367
367586
3676
367786
3679
36793
36821
3683
3684
36849
3685
36851
368667
3687
36878
3689
3690
36927
3693
36993
3700
3702
37035
37068
3707
3710
37141
3716;3717
3717
37218
37228
3725
3726
3727
3728
373156
37323
37336
3736
3738
374201
3745
37455
3746
375033
375056
3752
37528
375298
3753
37536
375567
3756
3757
375748
375790
3759
3761
3763
3764
376497
3767
3768
3770
3772
37729
37733
3776
377677;759;760;761
3777;51305
3777;8645
3778
3779
3781
3782
3783
37834
3784
37853
378543
378779
378805
378884
378938
3790
379044
3791
37949
37949;35997
37954
3799
38
38028
3805
380684
38076
380921
3811
381110
3812
3815
3818
38196
382056
3821
3827
383
3831
3832
3836
383619
3837
38389
3839
38396
3840
384001
384038
384059;21897;24088
3842
38443
3845
38456
38472
3848
3852
3855
38565
38578
3858
3860
3861
38639
38643
3866
386649
3868
38691
387
387000
387082
387103
387129
387134
387140
387145
387148
387152
387155
387162
387164
387168
387171
387173
387175
387178
387185
387190
387195
3872
387201
387218
387224
387225
387229
387244
387245
387285
387338
387357
38746
3875
38760
387609
38769
387733
387978
3880
388007
388112
388633
38913
3892;3110
38936
3895
3896777
3897
3897;28913;28927;6124
3897;28927
3897;353174
38974
38975
3902
39031
390429
390539
39054
390598
3906
39065
39066
39078
390992
391
391109
3913
391356
391367
3916
39160
39173
39198
392
3920
39244
3925
39251
3929
3931
393160
3932
3934
393740
3938
39383
393846
3939
393944
39396
394430
394430;109667;110834
3945
39450
39454
3949
3952
395277
395291
3953
3954
39542
395432
395569
3956
395615
39566
39570
3958
395828
395862
395937
39596
3960
396054
396165
396186
396313
396398
396413
396441
396453
396857
397
397013
3972
397208
397276
397455
397495
3976
3977
397953
39836
3984
39844
3987
3988
399328
399548
3996
399668
399806
39981
4000
400027
40009
4001
400242
40048
4005
4009
40090
400916
4010
4012
401258
40138
401474
4015
4016
40168
4018
4026
402665
40278
403123
40336
403470
403474
4035
4036
403621
4038
4040
4041
4043
40444
40457
4046
404660
404704
4048
4049
405
4050
4051
40517
40527
40562
4057
405770
405785
40582
406
40600
4061
406130
406200
406228
406370
4064
406466
40653
4067
4068
406884
406886
406892
406899
4069
406900
406901
406902
406909
406910
406913
406920
406921
406924
406926
406928
406931
406933
406934
406936
406937
406938
406940
406942
406943
406946
406947
406948
406949
406950
406951
406952
406957
406959
406960
406961
406966
406971
406973
406975;442891
406978
406979
406980
406983
406986
406987
406988
406991
406994
406995
406996
406998
407
4070
407004
407006
407006;407007
407007
407008
407010
407015
407016
407018
407019
407020
407021
407023
407024
407026
407029
407030
407031
407035
407040
407041
407042
407043
407045
407046
407047
407051
407052
407053
4072
4074
4077
407975
408
4082
408230
408236
4084
4086
4086;4090;4093
4087
4088
4089
4089;4089
409
4090
4092
4093
4094
40957
4096
40970
40989
4099
40998
410
4100
4102;4108
41025
4107
4108
41087
41092
411
4111
4117
41197
4123
41247
41248
4125
4126
4128
4128;4129
41286
41287
4129
4129;1312
4130
4130;4131
4131
41318
4133
4135
4137
4139
414
4140
414065
4141
4143
414844
414896
4150
4151
415129
4153
41541
4155
4157
415860
415961
4160
4162
41625
4168
4170
41709
4171
41726
41756
41772
417838
4179
41800
4183
41840
4189
4190
419149
4192
4193
4194
41957
41961
41983
4199
4200
42008
42008;39173
4204
4205
42062
4208
4208;10891
4209
4211
4214
421534
4216
4217
4218
4218;51762
422011
4221
42265
422720
4233
42358
42379
42414
42433
42446
42447
4246
42490
42501
42509
425370
4254
42549
4255
42550
42591
4261
427
42743
4277
4279
42810
42810;32437
4282
42828
4283
42841
42845
42850
42854
4286
4287
429
4294
4295
4296
4299
43
4301
4311
4312
4312;4313
4312;4313;4314
4312;4313;4318
4313
4313;4314;4318
4313;4318
4314
4314;171045
4314;4319;4320
4316
4317
431707
4318
4318;17395
43183
4319
4321
4321;17381
4322
432368
4325
4336
433759
43392
434
4340
4342
43447
4345
435
435;10153
43514
4353
4354
4355
43573
43580
4359
4360
4363
43652
436629
436679
436693
43740568
43769
43787
43787;36731
43812
43829
43842
43875
439
43904
43904;42515
43991
440275
440926
44110
44149
441549
441670
441931
44205
442186
442206
44226
442890
442891
442892
442893
442894
442901
442902
442903
442904
442907
442908
44291
442914
442919
443053
443078
443318
443319
443418
4437
4440
445
445329
445442;292406
445832
44672
4478
44801
4481
44817
4482
4485
4485;6788
4487
4488
4489
4490
449021
44920
4493
4494
4495
4496
449674
449802;64691
4499
450084
4501
4502
4502;644314
4504
4507
4508
4512
4513
4514
4519
4521
4522
4524
45268
45338
4534
4535
4536
4537
45374
4538
4540
4541
4542
4544
4547
4548
4549
4552
45525
4558
4563
4565
45652378
4567
4580
4582
4583
45880
4591
45910
4595
4599
4601
4602
46069
4607
4609
4610
4613
4615
4616
4624
4625
4626
4635
4653
4659
4665
4668
4669
467
468
4681
4683
4684
4688
4689
4691
4692
4695
47
470
4705
4709
4710
4712
4714
4719
472
4722
4724
4729
4734
4735
4738
4739
474
4741
474170
474177
474256
474257
474259
4744
474403
4747
475
4750
4751
4756
4758
47594
476
4760
4763
477
4771
4773
4774
4776
47767
4779
478
4780
47805
4781
4782
478575
47895
4790
4792
47998
48
4803
4804
48224
4824
4825
4830
4835
4836
4837
4838
4841
4842
4843
484476
4846
4851
4852
4853
4854
4855
4856
4857
4860
4862
4864
4864;10577
4869
487648;494010
4877
4878
4879
488
4880
4885
489
4891
4893
4897
4899
49
4900
4902
49045
4905
4907
4908
4908;4909
4909
49090
491
4913
4914
4915
4916
4921
4922
4923
4924
4925
4926
492763
4928
4929
492911
49297
4935
4935;474285
493701
4938
493856
493887
4939
493934
4940
494085
494180
494323
494331
494333
494335
494336
494337
494444
4948
4951
4953
4958
4968
497091
497232
497258
4973
4975
4976
497652
497657
497761
497770
497794
498
4982
49855
4986
49860
4988
498922
499322
499529
499593
4998
50
500453
500562
5009
500959
501
501099
501177
5015
5020
5021
5023
5024
5025
502531
5027
5028
502894
5029
5031
5034
503558
5037
5042
5045
5047
50490
50493
50501
50506
50507
50512
50514;79365
5052
5052;7001
5053
5054
50557
50561
50564
50592
50592;29627
50592;29627;29628
50616
5063
50645
50652
50658
50658;116554
5066
50669
5067
50676
50678
5068
50686
50689
50689;116590
50689;116590;50689
5069
5071
5072
5072;6622;7345
50721
5074
50765
50767
5077
50776
50779
5078
50781
5079
50798
5080
5081
50838
50839
50848
50852
50863
50868
5087
50873
509
50908
5091
50917
50929
50943
50993
5100
51022
51024
51029
5104
5105
51050
5106
51060
51062
51068
51079
51082
51087
51092
51094
5110
51100
51106
5111
51115
511206
51127
51132
51142
51142;400916
5116
51161
51175
5119
51191
51206
5121
5122
51222
51231
5126
51280
51283
51284
51284;317468
51284;51311
51299
51308
5131
51311
51312;81894
5132
51326
51327
5133
51338
5134
51340
51350
51360
51371
5138
5138;10846
51399
514
5140
51400
5141
5142
51422
51429
51430
5144
51441
51450
51451
51473
51477
51493
51497
5150
51514
51517
51547
51548
5155
5156
51561
51567
51567;2206
51588
5159
51592
51593
51608
5162
51629
5163
51637
51655
51667
51673
5168
51693
51699
5170
5171
51714
51727
5173
5174
51741
51750
5176
51761
51762
51763
51778
5178
5179
51792
51806
5184
51886
5196
5199
52028
5204
5205
5209
5212
5213
522
5223
5225
5228
523
5230
5236
5241
5243
5245
5245;11331
52480
5252
525303
52589
526
52637
5265
5267
5270
5273
5274
5281
52850
5286
5289
52897
5290
5291
5293
5295
5296
5300
5304
5308
5309
5310
5311
5315
5317
5319
5321
5322
5327
5328
5329
5331
53312
53322
53323
53324
53333
53335
53349
53357
53358
5336
5337
5338
534
5340
5341
53412
53417
534403
5345
5346
5347
5348
5350
5354
5355
5355;28873;28885
535652
53583
53585
5359
5360
53600
5361
53612
5362
53623
53632
5364
5366
5367
5368
5371
5373
5376
538
538;540
53827
53829
53840
53869
53895
53945
53947
5395
540
54045
5409
54106
54112
54126
5413
54131
5414
54195
54197
5420
54205
54209
54210
54221
54226
5423
54231
54232
54250
54262
54263
54278
5428
54287
54315
54323
54332
54343
54363
54367
54404
54429
5443
54431
54432
5444
54446
5445
54455
5446
54461
54463
54466
5447
54471
54472
54474
544752
54476
54486
54487
54498
545
54525
5453
54539
5454
54541
54543
5455
54550
5457
54578
5458
54583
5459
5460
54600
54601
54623
5465
54657
54658
54664
5467
54674
5468
5469
54704
54705
54708
54708;10299;64844;220972
54715
54719
54734
54756
5476
54760
54768
5478
5479
54790
54798
54802
54805
54808
5481
54819
54820
54822
54832
548343
54840
54880
54882
54886
54890
54900
54901
54902
54915
54926
54946
54957
54964
54968
54970
54981
54982
55000
55010
550134
55014
550229
55024
550251
550328
55054
5506
55062
55062;26100
55072
55073
551
55117
55145
55149
5515
55157
5516
55165
55175
55177
5520
55206
55217
55230
55239
5524
55250
55256
55274
55278
5528
55288
552900
55294
55304
55312
553180
5532
5533
553304
55332
55333
55335
55342
55349
55351
5536
553679
5537
5538
55384
5539
5540
554167
5542059
554213
554251
554302
55432
55471
5548
55486
5550
55503
55503;56302
5551
55511
55512
5552
55530
55532
5554
55553
55558
55588
55599
55604
55619
5562
55626
5563
55638
556399
5564
55655
55656
5566
55668
55669
55669;9927
5567
55697
55699
55726
55734
55737
55738
55745
55748
55752
55753
55768
5577
55775
55777
5578
5578;5581;5582
558
5580
5580;18753
55809
5581
55819
5582
55821
55823
5583
558461
55847
55851
5586
55867
5587
5588
55885
5590
559072
5591
5592
55922
559240
55930
559366
5594
5594;26413
559475
5595
5595;5594
5595;5594;50689;116590;5595;50689
5595;5594;5595
5595;5598
55964
55968
55969
55974
55975
5598
5599
5599;5601
55992
5601
560100
56012
5602
5603;5594;5595
56033
56034
56036
5604
5604;5605
5605
5606;5608
5607
56082
5609
5610
5611
561210
5617
561701
561830
561882
56208
5621
5623
56244
56246
56259
5626
56270;11152
56278
563
5630
56307
56312
56318
56320
56338
56339
56342
56348
5641
56445
56448
5645
56458
5646
56461
56469
56475
56477
56484
5649
56494
56501
56504
56513
56521
56526
5653
56530
56532
5654
56543
565482
56551
5656847
5656865
5656931
5658296
5660
56606
566118
56616
5663
5663;5664
56631
56636
56637
5664
56646
56652
56654
56681
566846
5669
56697
567
5670
56708
56717
56718
56720
56729
5673
56761
56816
5682
5683
568316
56838
56848
568666
5688
56892
56896
5690
56911
56922
56924
56928
56938
56940
569445
5696
56963
5697
56975
5698
56993
56997
570
5700
57019
57026
57030
57030;57084
57030;57084;246213
5704
57050
5707
5707;6187;6188;6192
570772
57084
57091
571
5710
57103
57104
57105
57107
57110
57111
57115
57118
57120
57130
57134
57142
57147
5715
57162
5718
57191
57192
57198
5720
57222
5725
5726
57262
5728
5729
5729435
573
5730
57302
5731
57314
5732
57320
57338
5734
57369
5737
57379
5739
574034
5740544
5740599
57406
57408
5741
574105
574140
574142
574143
57419
574190
5742;5743
574218
5743
574388
574402
57441
574411
574413
574434
574436
574441
574452
574455
574455;494333
574456
57447
57448
574482
57449
574508
57455
57460
57462
57463
57465
5747
57471
57473
57486
575
57521
57532
57534
57546
57558
57568
57576
57600
5763
57630
5764
57666
57679
57695
5770
57704
57706
57716
57721
57733
57738
5775
57754
57761
57762
57765
5777
57781
57794
578
5781
57817
57822
57824
57837
5786
57862
5788
5789
5794
5799
58
58022
58026
5805
5806
58081
581
58155
58157
5816
58163
5818
58185
5819
582
5820
58217
58235
5825
5837
58476
58485
58492
58492;7694
58494
58503
58512
586
5860
5861
5862
5864
5865
5867
5868
5868;5869
5869
5872
5873
5879
58800
58801
58813
58852
58861
5888
5890
58918
58918;25402
58919
5894
58948
58959
58962
5898
58991
58994
590
5901
59025
5903
59035
5906
59067
59076
59082
59086
5909
5910
59109
5913
5914
5915
5923
5924
5925
59269
59272
5928
59286
59288
59301
5931
59319
59323
59326
5934
59340
59342
5935
5936
594
595
5957
596
5966
5967
597
597;170589
597;23545;28883;28898
5970
5972
5973
5978
5979
598
5981
5987
5989
599
5992
5997
5999
60
6001
6009
6010
6012
6014
6015
6016
602
6023
60355
6036
60386
60391
60395
60422
60423
60427
6043
60434
60447
6045
6045;6046
6046
60463
60482
60484
60502
60506
6051
60568
60582
6059
60598
60599
60628
606496
60661
60662
60675
60681
6080;6043
6084
6084;6085
6085
6085;6086
6086
6091
6094
6097
6103
611
6120
6129
613239
6134
6164
6164;124790;6124
6167
618042
6188
6191
6192
619373
6194
619434
6195
619536
6196
6198
6201
620105
6209
6222
622408
623
6236
6240
6240;6241
6241
6249
6252
625249
6256
6262
627
6271
6271;1267
6272
6273
6275
6277
6278
6279
6280
628056
6281
6285
6287
6293
6294
6295
6296
6303
6304
631
6310
6310;6311;4287;6314
6310;6311;4287;773;6314
6310;6311;773
6310;6712
6311
6314
6315
6319
632
6323
6328
633
6331
6334
6335
6338
6347
6348
6351
6352
6354
6356
6357
6358
6361
6362
6367
6369
637
6373
6376
638
6382;9672
63826
63840
6385
63856
6386
63868
6387
63880
63885
63887
6389
63894
639
6390
6391
6395
63959
63973
63976
63982
63985
63997
6400
64008
6401
64011
6402
64026
6403
6404
64044
64044;58918
64044;58918;156117
64044;58918;25402
64051
64057
6407
64096
64116
64127
64132
641350
6414
64146
64159
64159;113992
64159;29484
6416
6416;5609
64176
64185
64186
64202
64207
64209
6421
64216
6422
64231
6427
64292
64314
64314;25402;58918
64314;58918
64317
64319
64320
64327
643332
643418
64342
643432
64344
64345
64347
64357
64362
643646
64365
64367
643680
64378
64383
643837
64384
64395
64399
6440
644068
644079
64409
6442
64422
64423
644248
64428
6443
6443;6444;137868
644314
644314;4502
6444
64440
64443
6445
6446
64465
6447
64476
64478
644890
644914
645
64519;64467;316077;314312;85260
64529
64547
6456
64566
645784
64581
645811
64601
64602
64622
64625
64633
64639
6464
646480
64654
64665
64678
64680
6469
6470
64704
64710
64714
6476
6477
64778
6478
64786
648
64802
64805
6483
64831
64840
64853
64854
64855
64862
649
6490
6491
6493
64968
6497
650
6500
65018
65025
6503
65030
65035
65036
6504
6505
65055
65057
6506
65065
6507
65078
65113
65114
6513
6513;6515
65131
65134
6515
65158
6517
65172
652
65202
652070
6521
6522
6524
65243
6526
65268
6529
652956
652995
6530
6531
6532
6533
653361
653440
653464
653509
653677
6538
6541
654231
6543
6546
6547
655
6556
6558
656
6563
6566
6568
6571
6572
6573
6574
6575
6580
6581
6582
6584
6585
6586
6588
659
6590
6591
6595
65964
6597
6598
6599
65992
65993
66000
66008
66017
66018
66021
66026
66030
66054
6606
6609
66092
6612
6613;6612
6615
6616
662
6620
6622
6622;1121
6622;5071;5072;7345;65018;11315;120892;23400;170534;26058;677662;27429
6622;5071;5072;7345;65018;11315;120892;23400;170534;26058;677662;27429;8398;25793
6622;6623
6623
6624
6625
6632
6633
664
664;596
6640
66405
66413
6642
66437
66454
664613
664698
6647
6647;106480993
6648
6649
665
665;596
665270
6653
6654
6656
6657
66593
666
6663
6667
6667;6668;6670;6671;389058;80320
6667;6670
6670
6671
6672
66725
66734
66734;67443
6678
668
66824
6683
6687
6688
6690
6692
66925
66945
6695
66959
6696
66961
6697
6700
67003
67013
67078
6709
67095
6710
6711
6712
6713
6714
67154
6717
67197
672
672;675
6720
6721
67245
6725
67264
67273
673
6734
6736
6737
67378
67405
6741
67414
67417
67443
67452
67460
675
675;672
6750
67526
67547
6755
6767
67680
67712
6772
67727
6773
67731
6774
6774;6775;6778
6775
67753
6776
677662
677670
6777
6778
67790
6780
67841
67847
6785
6786
67865
6788
67897
6790
67916
6794
67951
67952
679906
6801
68015
68031
6804
680498
6810
6811
6812
68169
6818
6818;445329
682
6820
6822
683
6832
6833
68346
68350
684
684173
6844
6845
684527
684536
684623
684969
6850
685055
6853
685360
6854
6855
6857
68585
6860
6860;9066
6863
6865
6866
6868
6869
6870
6871
687147
68718
6872
68728
6884;6872;6873;83860
6885
688555
6886
6888
6890
6891
689415
68942
68943
689577
68964
6897
6898
6899
6900
690085
6901
690244;499417
6907
6908
69123
69146
691644
6917
692076
6921
69227
69228
69253
6926
6927
692854
6929
69310
693122
693148
693159
693164
693184
693198
693210
693211
693212
693219
6934
6935
69367
693677
694542
6948
6949
695
6950
696
69635
69638
697336
69754
697796
6983
69833
69834
6998
6999
7001
70025
7008
70086
7011
7012
7014
7015
7018
7019
7020
7024
7025
7026
7029
7030
7033
7036
70369
7037
70383
7039
7040
70405
7042
7043
7046
7048
70503
7051
7052
7054
7056
7057
706
70603
706037
7062
706345
7067
706753
7068
706985
7070
7072
7073
7076
7076;7077
7077
7078
7079
7080
70810
7082
70835
7084
7086
7087
7094
7095
7096
7096;7097
7097
7097;7099
7097;7099;51284;51311
7098
7098;7099;51284;51311;54106
7099
710
710840
7113
7114
712
7123
7124
7124;7040
71241
7128
712941
713
7132
7133
7137
7138
7139
714
714135
7143
715
71514
71566
7157
715739
7158
7161
71648
716553
7167
717
7170
7171
7173
71770
7178
717980
718
718;720
7184
718562
7186
7186;7189
7188
7189
7190
71923
71972
7200
7204
72057
721
721137
72145
7220
7224
7225
7226
7227
72289
723814
723817
723827
723836
723840
723861
723862
723864
723878
723886
723905
72392
723926
72393
723948
723951
723963
723968
724063
724066
72416
7248
7248;7249
7249
7249;22084
72508
72512
7253
72542
7257
7262
7263
72685
727
72739
7276
7277
72774
728
7280
728226
728378
728489
728505
728568
728655
729082;11339;5729
7291
729230
729238
7294
72948
7295
7296
72961
72961;140919
7297
7298
7299
729920
7301
7305
7306
73086
7314
7316
7317
7318
7320
7321
7322
7323
7323;7322
7324
7325
7327
7328
7332
7334
73340
7335
733673
7337
7341
7341;6613
7341;6613;6612;387082
7345
7347
7351
7353
735311
7357
7361
7364
7365
7366
7367
7368
73750
73754
7378
7384
7385
7388
7389
73910
7398
740
74006
74011
7402
7405
74080
7412
74126
74142
74143
7415
7416
7416;7417;7419
7417
7419
7421
7422
7423
74244
7425
7428
7430
7431
7432
74325
7433
7434
74343
7436
7442
7447
745
7450
7453
7456
74568
7466
7471
7471;7474
7471;89780
7472
7473
7474
74747
7476
74772
74781
7482
7483
74840
7485
7494
7502
7503
7514
75141
7515
751537
751557
7517
751859
75209
7525
7528
753
7531
7532
7533
7534
7535
7536
7545
7547
7553
7555
75553
7556
75695
75717
75747
75763
7589
759
7593
7594
75957
760
760;761
760;761;762
760;820
76055
761
761;762
76113
76157
762
76257
76408
76483
765
76527
76757
768182
768213
768215
76854
76890
7693
76952
7700
77040
77106
77125
7718
773
77337
7738
77407
775
7750
776
77622
777
7779
7781
7786
779443
7799
780
780;4921
7804
780404
780776
781
781146
7827
78309
7840
78405
7846
7850
7852
78523
7857
7873
7874
78757
7879
788
78801
78943
7895
78959
78960
78975
78986
78994
78996
79011
79017
7903
79054
79056
79058
79065
79068
79094
791069
79109
7911
79114
79114;25022;84489
79114;84489;25114
79122
79129
79131
79137
79157
79158
79161
7917
79176
79184
79184;672
79187
79187;442901;693175
79213
79215
79240
79245
79246
79250
79255
793
7933
79379
7939
794
7941
7942
79443
79444
79447
794575
795
79559
7957
79572
79594
796
79608
79623
79625
79626
79643
7965
79650
79661
79694
79705
79714
79727
79751
79755
79784
79792
79811
79812
79832
79833
7984
79865
79877
79884
79888
799
7991
79923
79947
79966
79993
800
80005
80011
80014
80024
80025
801
8011
8013
80207
80208
80218
80224
80270
80273
80291
80297
80298
8031
80312
80317
80320
80326
80331
80339
80347
80351
8039;796
804486
8048
8056
8061
80736
8074
80762
80772
80787
80787;449674
808
8083
8085
80850
80856
80857
80871
80885
80888
8091
80979
81027
81033
81037
81061
811
81285
8131
8139
81399
8140
81448
8148
81488
81489
815
81500
81502
81504
81515
81517
81518
81521
81528
81537
81539
81559
81572
81603
81606
81609
81615
81617
81631
81632
81638
81639
81646
81648
81649
8165
81651
81653
81659
81686
81686;81687
81687
817
81722
81730
81732
81735
81736
81737
81754
81754;117103
81754;65158;117103
81755
81759
81761
81780
81790
81793
81794
818
81809
81818
81822
81827
81833
81840
81847
81848
81858
81886
81888
81894
81897
8192
8195
820
820;11169
8200
820201
820728
821
8215
822
8224
823
823;824
8239
824
8243
8266
828
8284
8293
829569
8301
831
831112
8312
8314
8315
832
8328
832828
83383
83395
834
834;12362
834;836
83433
83464
83471
83474
8349
83493
83497
835
835;837
83501
83504
83511
83516
83529
8353
83533
83535
83547
83557
83576
83585
836
836;840
836;841;842
836;842
8361
83613
83619
83636
83666
83667
83673
83683
837
837168
83722
83729
83733
83734
83737
83765
83785
8379
83805
83809
83810
83814
83817
8383
83839
83840
83840;116636
83856
8387
83881
839
83931
83939
8398
8398;5319
8398;6622
8398;6622;5071;5072
83985
83992
83999
840
84020
84022
84024
84027
8404
84061
84069
8408
84083
84084
8409
84094
841
841;12370
841;836
841;842
84102
84107
8411
84134
84152
8417
841762
84186
842
842;836
84249
84286
84295
8431
84317
84329
84335
8434
84350
843512
84353
8436
84366
843928
84394
8440
84423
84447
84456
84458
84461
84482
84487
84506
84509
8451
84539
8454
84547
84557
84577
84578
8458
84581
84585
84591
84598
84598;24514
84604
84618
84660
84669
84685
84686
84693
847
847;6647
8473
84735
84749
84779
8482
8483
84867
84875
84889
84889;6545;10229
84890
84894
84909
84937
84939
84939;58485
84962
84973
85028
8503
850314
8504
8505
850513
8506
850619
850620
850633
850686
850745
8508
851013
851039
851119
851249
851259
851334
851413
851437
851539
851542
851557
8516
851653
8517
851752
851798
851928
851982
852033
852081
852124
852146
852179
852200
852203
852276
852278
852293
852412
852428
85243
85247
852477
85259
85268
852695
8527
852709
85272
852753
852755
852763
852806
852834
852846
8529
8530
853112
853149
853230
853287
853308;853926
853372
853374
853393
85340
853416
853475
85348
853490
8535
853503
85358
853589
85363
853803
85383
853842
8540
85406
85414
854192
854273
854283
85431
854333
85437
854372
854384
854386
85445
854466
854539
854573
854659
854660
854735
85483
8549
854909
854919
855005
855053
855080
855201
855266
855372
855478
855552
855625
855640
855661
855669
85569
855723
855739
855811
855836
855844
855849
8560
856014
856117
856162
856218
856315
856399
8564
856403
856473
8566
856646
856681
856692
856801
856862
856888
857
8572
8573
8575
858
8587
859
8615
8618
8620
8622
8626
8633
8636
8645;51305
8647
8653
8654
8655
8655;140735
8658
8661
867
8673
8674
8677
8678
8682
869
8705
8708
8711
8714
8717
8718
8722
8724
8726
8729
873
8735
8737
8738
8739
874
8740
8743
875
8754
8766
8766;5867;7879;4218
8767
8772
8773
8787
8788
8788;10683;54567
8797
8801
8802
8803
8805
8809
8811
8820
8826
8829
8836
8841
8843
8847
885
8850
8851
8851;1020
8856
886
8861
8862
8864
8867
887
8871
8872
8874
8877
8877;56848
8878
8878;1613
8879
8880
8887
8891
8894
8895
890
891
8910
8913
8914
8924
8925
8927
8929
8934
8934;338382
8935
8941
8942
8945
896
8975
8976
89780
89796
89805
89808
89811
89821
89828
89832
89848
8987
8988
8989
899
8991
8993
89941
89978
9
900
90007
9001
9015
9016
902
9023
9026
90268
9030
90338
90353
9037
9043
9044
9046
9048
90525
9053
90550
9063
9066
9075
9076
9077
90864
9088
909
9091
90933
9098
90993
910
910;6241
9100
9101
91012
91039
9104
91056
911
9112
91137
9114
9126
91289
9130
9131
9135
914
9140
9143
91584
916
9170
91734
9175
91768
9180
9181
919
920
9201
921
9211
9213
92140
92154
9217
92170
9219
923
9236
92399
924
9240
9241
9246
925
9252
92521
9254
9258
926
9260
9261
9271
92737
9274
928
929
9290
92935
930
931;3383
931;350;28907;23205
9314
93166
9318
9332
9337
9342
9343
93487
9349
9355
93550
9356
9360
9361
9365
93659
93664
9367
93684
9369
93692
93695
9370
9372
93759
9376
93765
9377
9378
9379
9381
93896
93898
93971
93974
93983
93986
9402
94025
94031
94033
94090
94091
94097
94122
94195
942
94216
94221
9423
94233
94241
94245
94268
94280
9429
943
9445
9446
9446;119391
9446;373156
9447
9451
9456
9462
9463
9467
9468
9469
947
9474
9475
9479
9480
9481
9482
9491
9496
95
950
9500
9507
9510
9518
952
9520
9528
9529
9530
9531
9532
9536
9541
9542
9559
9559;112936
9560
9564
9564;1431
9567
9568
9575
9586
9588
9589
960
9607
961
9610
9611
9612
9620
9627
9628
9636
9641
96459
966
96610
9672
9673
968
9685
969
9693
9695
9698
9699
9706
9709
9712
9721
9726
973
9734
9738
9739
9741
9746
9749
9757
9759
9759;10014
9760
9762
9768
977
9771
9775
9776
9780
9787
9804
9817
9817;4780
9821
9825
9829
983
9842
98432
9846
9853
9861
9863
9865
98660
9868
9869
9878
988
9882
98828
9884
989
9892
9895
9896
9897
9900
9900;22987
9901
9918
9919
9927
9933
99382
99412
995
9958
9962
9965
997
9970
9973
9975
9978
998
99890
999
9992
